1
1.01
1.02
1.03
1.04
1.05
1.06
1.07
1.08
1.09
1.1
1.11
1.12
1.13
1.14
1.15
1.159
1.169
1.179
1.189
1.199
1.209
1.219
1.229
1.239
1.249
1.259
1.269
1.278
1.288
1.298
1.308
1.318
1.328
1.338
1.348
1.357
1.367
1.377
1.387
1.397
1.407
1.416
1.426
1.436
1.446
1.456
1.466
1.475
1.485
1.495
1.505
1.515
1.524
1.534
1.544
1.554
1.564
1.573
1.583
1.593
1.603
1.612
1.622
1.632
1.642
1.651
1.661
1.671
1.68
1.69
1.7
1.71
1.719
1.729
1.739
1.748
1.758
1.768
1.778
1.787
1.797
1.807
1.816
1.826
1.836
1.845
1.855
1.865
1.874
1.884
1.893
1.903
1.913
1.922
1.932
1.942
1.951
1.961
1.97
1.98
1.99
1.999
2.009
2.018
2.028
2.038
2.047
2.057
2.066
2.076
2.085
2.095
2.104
2.114
2.124
2.133
2.143
2.152
2.162
2.171
2.181
2.19
2.2
2.209
2.219
2.228
2.238
2.247
2.257
2.266
2.276
2.285
2.295
2.304
2.314
2.323
2.332
2.342
2.351
2.361
2.37
2.38
2.389
2.399
2.408
2.417
2.427
2.436
2.446
2.455
2.464
2.474
2.483
2.493
2.502
2.511
2.521
2.53
2.539
2.549
2.558
2.568
2.577
2.586
2.596
2.605
2.614
2.624
2.633
2.642
2.652
2.661
2.67
2.679
2.689
2.698
2.707
2.717
2.726
2.735
2.744
2.754
2.763
2.772
2.782
2.791
2.8
2.809
2.819
2.828
2.837
2.846
2.856
2.865
2.874
2.883
2.892
2.902
2.911
2.92
2.929
2.938
2.948
2.957
2.966
2.975
2.984
2.993
3.003
3.012
3.021
3.03
3.039
3.048
3.058
3.067
3.076
3.085
3.094
3.103
3.112
3.121
3.131
3.14
3.149
3.158
3.167
3.176
3.185
3.194
3.203
3.212
3.221
3.23
3.24
3.249
3.258
3.267
3.276
3.285
3.294
3.303
3.312
3.321
3.33
3.339
3.348
3.357
3.366
3.375
3.384
3.393
3.402
3.411
3.42
3.429
3.438
3.447
3.456
3.465
3.474
3.483
3.492
3.501
3.51
3.518
3.527
3.536
3.545
3.554
3.563
3.572
3.581
3.59
3.599
3.608
3.617
3.625
3.634
3.643
3.652
3.661
3.67
3.679
3.688
3.696
3.705
3.714
3.723
3.732
3.741
3.749
3.758
3.767
3.776
3.785
3.794
3.802
3.811
3.82
3.829
3.838
3.846
3.855
3.864
3.873
3.882
3.89
3.899
3.908
3.917
3.925
3.934
3.943
3.952
3.96
3.969
3.978
3.986
3.995
4.004
4.013
4.021
4.03
4.039
4.047
4.056
4.065
4.074
4.082
4.091
4.1
4.108
4.117
4.126
4.134
4.143
4.152
4.16
4.169
4.177
4.186
4.195
4.203
4.212
4.221
4.229
4.238
4.246
4.255
4.264
4.272
4.281
4.289
4.298
4.307
4.315
4.324
4.332
4.341
4.349
4.358
4.366
4.375
4.384
4.392
4.401
4.409
4.418
4.426
4.435
4.443
4.452
4.46
4.469
4.477
4.486
4.494
4.503
4.511
4.52
4.528
4.537
4.545
4.554
4.562
4.57
4.579
4.587
4.596
4.604
4.613
4.621
4.63
4.638
4.646
4.655
4.663
4.672
4.68
4.688
4.697
4.705
4.714
4.722
4.73
4.739
4.747
4.755
4.764
4.772
4.781
4.789
4.797
4.806
4.814
4.822
4.831
4.839
4.847
4.856
4.864
4.872
4.88
4.889
4.897
4.905
4.914
4.922
4.93
4.938
4.947
4.955
4.963
4.972
4.98
4.988
4.996
5.005
5.013
5.021
5.029
5.038
5.046
5.054
5.062
5.07
5.079
5.087
5.095
5.103
5.111
5.12
5.128
5.136
5.144
5.152
5.16
5.169
5.177
5.185
5.193
5.201
5.209
5.218
5.226
5.234
5.242
5.25
5.258
5.266
5.274
5.283
5.291
5.299
5.307
5.315
5.323
5.331
5.339
5.347
5.355
5.363
5.371
5.38
5.388
5.396
5.404
5.412
5.42
5.428
5.436
5.444
5.452
5.46
5.468
5.476
5.484
5.492
5.5
5.508
5.516
5.524
5.532
5.54
5.548
5.556
5.564
5.572
5.58
5.588
5.596
5.604
5.612
5.62
5.627
5.635
5.643
5.651
5.659
5.667
5.675
5.683
5.691
5.699
5.707
5.715
5.722
5.73
5.738
5.746
5.754
5.762
5.77
5.778
5.785
5.793
5.801
5.809
5.817
5.825
5.832
5.84
5.848
5.856
5.864
5.872
5.879
5.887
5.895
5.903
5.911
5.918
5.926
5.934
5.942
5.95
5.957
5.965
5.973
5.981
5.988
5.996
6.004
6.012
6.019
6.027
6.035
6.042
6.05
6.058
6.066
6.073
6.081
6.089
6.096
6.104
6.112
6.12
6.127
6.135
6.143
6.15
6.158
6.166
6.173
6.181
6.189
6.196
6.204
6.211
6.219
6.227
6.234
6.242
6.25
6.257
6.265
6.272
6.28
6.288
6.295
6.303
6.31
6.318
6.326
6.333
6.341
6.348
6.356
6.363
6.371
6.378
6.386
6.394
6.401
6.409
6.416
6.424
6.431
6.439
6.446
6.454
6.461
6.469
6.476
6.484
6.491
6.499
6.506
6.514
6.521
6.529
6.536
6.544
6.551
6.558
6.566
6.573
6.581
6.588
6.596
6.603
6.611
6.618
6.625
6.633
6.64
6.648
6.655
6.662
6.67
6.677
6.685
6.692
6.699
6.707
6.714
6.721
6.729
6.736
6.744
6.751
6.758
6.766
6.773
6.78
6.788
6.795
6.802
6.81
6.817
6.824
6.831
6.839
6.846
6.853
6.861
6.868
6.875
6.882
6.89
6.897
6.904
6.912
6.919
6.926
6.933
6.941
6.948
6.955
6.962
6.97
6.977
6.984
6.991
6.998
7.006
7.013
7.02
7.027
7.034
7.042
7.049
7.056
7.063
7.07
7.077
7.085
7.092
7.099
7.106
7.113
7.12
7.128
7.135
7.142
7.149
7.156
7.163
7.17
7.177
7.185
7.192
7.199
7.206
7.213
7.22
7.227
7.234
7.241
7.248
7.255
7.262
7.27
7.277
7.284
7.291
7.298
7.305
7.312
7.319
7.326
7.333
7.34
7.347
7.354
7.361
7.368
7.375
7.382
7.389
7.396
7.403
7.41
7.417
7.424
7.431
7.438
7.445
7.452
7.459
7.466
7.473
7.48
7.486
7.493
7.5
7.507
7.514
7.521
7.528
7.535
7.542
7.549
7.556
7.563
7.569
7.576
7.583
7.59
7.597
7.604
7.611
7.618
7.624
7.631
7.638
7.645
7.652
7.659
7.665
7.672
7.679
7.686
7.693
7.7
7.706
7.713
7.72
7.727
7.734
7.74
7.747
7.754
7.761
7.768
7.774
7.781
7.788
7.795
7.801
7.808
7.815
7.822
7.828
7.835
7.842
7.848
7.855
7.862
7.869
7.875
7.882
7.889
7.895
7.902
7.909
7.916
7.922
7.929
7.936
7.942
7.949
7.956
7.962
7.969
7.976
7.982
7.989
7.995
8.002
8.009
8.015
8.022
8.029
8.035
8.042
8.048
8.055
8.062
8.068
8.075
8.081
8.088
8.095
8.101
8.108
8.114
8.121
8.127
8.134
8.14
8.147
8.154
8.16
8.167
8.173
8.18
8.186
8.193
8.199
8.206
8.212
8.219
8.225
8.232
8.238
8.245
8.251
8.258
8.264
8.271
8.277
8.284
8.29
8.296
8.303
8.309
8.316
8.322
8.329
8.335
8.342
8.348
8.354
8.361
8.367
8.374
8.38
8.386
8.393
8.399
8.406
8.412
8.418
8.425
8.431
8.437
8.444
8.45
8.457
8.463
8.469
8.476
8.482
8.488
8.495
8.501
8.507
8.514
8.52
8.526
8.532
8.539
8.545
8.551
8.558
8.564
8.57
8.576
8.583
8.589
8.595
8.602
8.608
8.614
8.62
8.627
8.633
8.639
8.645
8.652
8.658
8.664
8.67
8.676
8.683
8.689
8.695
8.701
8.707
8.714
8.72
8.726
8.732
8.738
8.744
8.751
8.757
8.763
8.769
8.775
8.781
8.788
8.794
8.8
8.806
8.812
8.818
8.824
8.83
8.837
8.843
8.849
8.855
8.861
8.867
8.873
8.879
8.885
8.891
8.897
8.903
8.91
8.916
8.922
8.928
8.934
8.94
8.946
8.952
8.958
8.964
8.97
8.976
8.982
8.988
8.994
9