0.5
0.508
0.516
0.524
0.532
0.54
0.548
0.556
0.564
0.572
0.58
0.588
0.596
0.603
0.611
0.619
0.627
0.635
0.643
0.651
0.659
0.667
0.674
0.682
0.69
0.698
0.706
0.714
0.721
0.729
0.737
0.745
0.753
0.761
0.768
0.776
0.784
0.792
0.799
0.807
0.815
0.823
0.83
0.838
0.846
0.854
0.861
0.869
0.877
0.884
0.892
0.9
0.907
0.915
0.923
0.93
0.938
0.946
0.953
0.961
0.968
0.976
0.984
0.991
0.999
1.006
1.014
1.022
1.029
1.037
1.044
1.052
1.059
1.067
1.074
1.082
1.09
1.097
1.105
1.112
1.12
1.127
1.134
1.142
1.149
1.157
1.164
1.172
1.179
1.187
1.194
1.202
1.209
1.216
1.224
1.231
1.239
1.246
1.253
1.261
1.268
1.275
1.283
1.29
1.297
1.305
1.312
1.319
1.327
1.334
1.341
1.349
1.356
1.363
1.37
1.378
1.385
1.392
1.399
1.407
1.414
1.421
1.428
1.436
1.443
1.45
1.457
1.464
1.472
1.479
1.486
1.493
1.5
1.507
1.515
1.522
1.529
1.536
1.543
1.55
1.557
1.564
1.571
1.579
1.586
1.593
1.6
1.607
1.614
1.621
1.628
1.635
1.642
1.649
1.656
1.663
1.67
1.677
1.684
1.691
1.698
1.705
1.712
1.719
1.726
1.733
1.74
1.747
1.754
1.761
1.768
1.774
1.781
1.788
1.795
1.802
1.809
1.816
1.823
1.829
1.836
1.843
1.85
1.857
1.864
1.87
1.877
1.884
1.891
1.898
1.904
1.911
1.918
1.925
1.932
1.938
1.945
1.952
1.959
1.965
1.972
1.979
1.985
1.992
1.999
2.006
2.012
2.019
2.026
2.032
2.039
2.046
2.052
2.059
2.065
2.072
2.079
2.085
2.092
2.099
2.105
2.112
2.118
2.125
2.131
2.138
2.145
2.151
2.158
2.164
2.171
2.177
2.184
2.19
2.197
2.203
2.21
2.216
2.223
2.229
2.236
2.242
2.249
2.255
2.261
2.268
2.274
2.281
2.287
2.294
2.3
2.306
2.313
2.319
2.326
2.332
2.338
2.345
2.351
2.357
2.364
2.37
2.376
2.383
2.389
2.395
2.402
2.408
2.414
2.42
2.427
2.433
2.439
2.446
2.452
2.458
2.464
2.47
2.477
2.483
2.489
2.495
2.502
2.508
2.514
2.52
2.526
2.532
2.539
2.545
2.551
2.557
2.563
2.569
2.575
2.582
2.588
2.594
2.6
2.606
2.612
2.618
2.624
2.63
2.636
2.642
2.648
2.654
2.66
2.666
2.672
2.678
2.684
2.69
2.696
2.702
2.708
2.714
2.72
2.726
2.732
2.738
2.744
2.75
2.756
2.762
2.768
2.774
2.78
2.786
2.792
2.797
2.803
2.809
2.815
2.821
2.827
2.833
2.838
2.844
2.85
2.856
2.862
2.868
2.873
2.879
2.885
2.891
2.896
2.902
2.908
2.914
2.92
2.925
2.931
2.937
2.942
2.948
2.954
2.96
2.965
2.971
2.977
2.982
2.988
2.994
2.999
3.005
3.011
3.016
3.022
3.028
3.033
3.039
3.044
3.05
3.056
3.061
3.067
3.072
3.078
3.083
3.089
3.095
3.1
3.106
3.111
3.117
3.122
3.128
3.133
3.139
3.144
3.15
3.155
3.161
3.166
3.172
3.177
3.183
3.188
3.193
3.199
3.204
3.21
3.215
3.221
3.226
3.231
3.237
3.242
3.247
3.253
3.258
3.264
3.269
3.274
3.28
3.285
3.29
3.296
3.301
3.306
3.311
3.317
3.322
3.327
3.333
3.338
3.343
3.348
3.354
3.359
3.364
3.369
3.374
3.38
3.385
3.39
3.395
3.4
3.406
3.411
3.416
3.421
3.426
3.431
3.437
3.442
3.447
3.452
3.457
3.462
3.467
3.472
3.478
3.483
3.488
3.493
3.498
3.503
3.508
3.513
3.518
3.523
3.528
3.533
3.538
3.543
3.548
3.553
3.558
3.563
3.568
3.573
3.578
3.583
3.588
3.593
3.598
3.603
3.608
3.613
3.617
3.622
3.627
3.632
3.637
3.642
3.647
3.652
3.657
3.661
3.666
3.671
3.676
3.681
3.686
3.69
3.695
3.7
3.705
3.71
3.714
3.719
3.724
3.729
3.733
3.738
3.743
3.748
3.752
3.757
3.762
3.767
3.771
3.776
3.781
3.785
3.79
3.795
3.799
3.804
3.809
3.813
3.818
3.823
3.827
3.832
3.837
3.841
3.846
3.85
3.855
3.86
3.864
3.869
3.873
3.878
3.882
3.887
3.891
3.896
3.9
3.905
3.91
3.914
3.919
3.923
3.928
3.932
3.936
3.941
3.945
3.95
3.954
3.959
3.963
3.968
3.972
3.976
3.981
3.985
3.99
3.994
3.998
4.003
4.007
4.012
4.016
4.02
4.025
4.029
4.033
4.038
4.042
4.046
4.051
4.055
4.059
4.064
4.068
4.072
4.076
4.081
4.085
4.089
4.093
4.098
4.102
4.106
4.11
4.115
4.119
4.123
4.127
4.131
4.135
4.14
4.144
4.148
4.152
4.156
4.16
4.165
4.169
4.173
4.177
4.181
4.185
4.189
4.193
4.197
4.202
4.206
4.21
4.214
4.218
4.222
4.226
4.23
4.234
4.238
4.242
4.246
4.25
4.254
4.258
4.262
4.266
4.27
4.274
4.278
4.282
4.286
4.29
4.294
4.298
4.301
4.305
4.309
4.313
4.317
4.321
4.325
4.329
4.333
4.336
4.34
4.344
4.348
4.352
4.356
4.359
4.363
4.367
4.371
4.375
4.379
4.382
4.386
4.39
4.394
4.397
4.401
4.405
4.409
4.412
4.416
4.42
4.424
4.427
4.431
4.435
4.438
4.442
4.446
4.449
4.453
4.457
4.46
4.464
4.468
4.471
4.475
4.478
4.482
4.486
4.489
4.493
4.496
4.5
4.504
4.507
4.511
4.514
4.518
4.521
4.525
4.528
4.532
4.536
4.539
4.543
4.546
4.55
4.553
4.556
4.56
4.563
4.567
4.57
4.574
4.577
4.581
4.584
4.588
4.591
4.594
4.598
4.601
4.605
4.608
4.611
4.615
4.618
4.621
4.625
4.628
4.631
4.635
4.638
4.641
4.645
4.648
4.651
4.655
4.658
4.661
4.664
4.668
4.671
4.674
4.677
4.681
4.684
4.687
4.69
4.694
4.697
4.7
4.703
4.706
4.71
4.713
4.716
4.719
4.722
4.725
4.729
4.732
4.735
4.738
4.741
4.744
4.747
4.75
4.753
4.757
4.76
4.763
4.766
4.769
4.772
4.775
4.778
4.781
4.784
4.787
4.79
4.793
4.796
4.799
4.802
4.805
4.808
4.811
4.814
4.817
4.82
4.823
4.826
4.829
4.832
4.835
4.838
4.84
4.843
4.846
4.849
4.852
4.855
4.858
4.861
4.863
4.866
4.869
4.872
4.875
4.878
4.88
4.883
4.886
4.889
4.892
4.894
4.897
4.9
4.903
4.906
4.908
4.911
4.914
4.917
4.919
4.922
4.925
4.927
4.93
4.933
4.936
4.938
4.941
4.944
4.946
4.949
4.952
4.954
4.957
4.959
4.962
4.965
4.967
4.97
4.973
4.975
4.978
4.98
4.983
4.985
4.988
4.991
4.993
4.996
4.998
5.001
5.003
5.006
5.008
5.011
5.013
5.016
5.018
5.021
5.023
5.026
5.028
5.031
5.033
5.035
5.038
5.04
5.043
5.045
5.048
5.05
5.052
5.055
5.057
5.06
5.062
5.064
5.067
5.069
5.071
5.074
5.076
5.078
5.081
5.083
5.085
5.088
5.09
5.092
5.094
5.097
5.099
5.101
5.104
5.106
5.108
5.11
5.112
5.115
5.117
5.119
5.121
5.124
5.126
5.128
5.13
5.132
5.134
5.137
5.139
5.141
5.143
5.145
5.147
5.149
5.152
5.154
5.156
5.158
5.16
5.162
5.164
5.166
5.168
5.17
5.172
5.174
5.176
5.178
5.18
5.182
5.184
5.186
5.188
5.19
5.192
5.194
5.196
5.198
5.2
5.202
5.204
5.206
5.208
5.21
5.212
5.214
5.216
5.218
5.22
5.222
5.223
5.225
5.227
5.229
5.231
5.233
5.235
5.236
5.238
5.24
5.242
5.244
5.246
5.247
5.249
5.251
5.253
5.254
5.256
5.258
5.26
5.262
5.263
5.265
5.267
5.268
5.27
5.272
5.274
5.275
5.277
5.279
5.28
5.282
5.284
5.285
5.287
5.289
5.29
5.292
5.294
5.295
5.297
5.298
5.3
